"rater_id"	"joke_id"	"weekend"	"Joke"	"Timing"
11	"1"	3	2	2
11	"2"	3	1	1
11	"3"	3	1	2
11	"4"	3	1	1
11	"5"	3	1	2
11	"6"	3	2	2
11	"10"	3	2	3
11	"11"	3	2	2
11	"12"	3	2	3
11	"13"	3	1	1
11	"14"	3	2	4
11	"15"	3	1	2
11	"16"	3	2	3
11	"17"	3	2	3
11	"18"	3	1	2
11	"19"	3	2	2
11	"20"	3	1	1
11	"21"	3	2	2
11	"22"	3	1	3
11	"23"	3	4	2
11	"24"	3	2	4
11	"25"	3	4	4
11	"26"	3	2	3
11	"27"	3	2	1
11	"28"	3	1	1
11	"29"	3	2	NA
11	"30"	3	NA	NA
11	"31"	3	NA	NA
11	"32"	3	2	2
11	"33"	3	2	3
11	"34"	3	3	2
11	"35"	3	1	1
11	"36"	3	2	3
11	"37"	3	3	4
11	"38"	3	3	2
11	"39"	3	2	2
11	"40"	3	1	1
11	"41"	3	2	1
11	"42"	3	2	4
11	"43"	3	2	3
11	"44"	3	1	1
11	"45"	3	1	1
11	"46"	3	1	3
11	"47"	3	2	2
11	"48"	3	3	4
11	"49"	3	1	2
11	"50"	3	1	3
11	"51"	3	2	3
11	"52"	3	2	3
11	"53"	3	1	3
11	"54"	3	2	3
11	"55"	3	2	3
11	"56"	3	2	3
11	"57"	3	2	3
11	"58"	3	1	3
11	"59"	3	3	3
11	"60"	3	2	1
11	"61"	3	1	2
11	"62"	3	NA	NA
11	"63"	3	NA	NA
11	"64"	3	2	3
11	"100"	3	NA	NA
8	"1"	7	2	2
8	"2"	7	2	3
8	"3"	7	3	4
8	"4"	7	3	2
8	"5"	7	1	3
8	"6"	7	4	4
8	"10"	7	4	4
8	"11"	7	2	4
8	"12"	7	3	3
8	"13"	7	NA	2
8	"14"	7	3	4
8	"15"	7	1	2
8	"16"	7	1	2
8	"17"	7	3	2
8	"18"	7	NA	NA
8	"19"	7	NA	NA
8	"20"	7	3	4
8	"21"	7	3	1
8	"22"	7	4	4
8	"23"	7	4	4
8	"24"	7	1	3
8	"25"	7	3	2
8	"26"	7	2	2
8	"27"	7	1	1
8	"28"	7	1	2
8	"29"	7	4	3
8	"30"	7	4	4
8	"31"	7	1	3
8	"32"	7	3	1
8	"33"	7	4	4
8	"34"	7	4	3
8	"35"	7	2	2
8	"36"	7	4	2
8	"37"	7	4	4
8	"38"	7	3	2
8	"39"	7	4	4
8	"40"	7	1	2
8	"41"	7	4	4
8	"42"	7	4	4
8	"43"	7	1	2
8	"44"	7	3	2
8	"45"	7	2	1
8	"46"	7	3	2
8	"47"	7	2	3
8	"48"	7	2	4
8	"49"	7	2	2
8	"50"	7	NA	NA
8	"51"	7	NA	NA
8	"52"	7	1	1
8	"53"	7	1	1
8	"54"	7	2	3
8	"55"	7	1	2
8	"56"	7	2	3
8	"57"	7	2	2
8	"58"	7	1	3
8	"59"	7	2	4
8	"60"	7	1	1
8	"61"	7	1	3
8	"62"	7	2	1
8	"63"	7	4	4
8	"64"	7	3	3
8	"100"	7	NA	NA
2	"1"	7	2	2
2	"2"	7	3	3
2	"3"	7	3	4
2	"4"	7	4	4
2	"5"	7	2	3
2	"6"	7	1	3
2	"10"	7	2	3
2	"11"	7	NA	NA
2	"12"	7	NA	NA
2	"13"	7	4	3
2	"14"	7	1	2
2	"15"	7	1	3
2	"16"	7	3	3
2	"17"	7	2	3
2	"18"	7	1	4
2	"19"	7	2	4
2	"20"	7	2	1
2	"21"	7	2	3
2	"22"	7	4	4
2	"23"	7	3	4
2	"24"	7	2	2
2	"25"	7	3	4
2	"26"	7	2	3
2	"27"	7	2	2
2	"28"	7	2	1
2	"29"	7	3	1
2	"30"	7	1	2
2	"31"	7	3	4
2	"32"	7	3	3
2	"33"	7	2	2
2	"34"	7	3	3
2	"35"	7	2	2
2	"36"	7	2	4
2	"37"	7	3	4
2	"38"	7	3	3
2	"39"	7	2	4
2	"40"	7	3	3
2	"41"	7	2	4
2	"42"	7	3	2
2	"43"	7	NA	NA
2	"44"	7	NA	NA
2	"45"	7	2	4
2	"46"	7	1	3
2	"47"	7	4	3
2	"48"	7	3	4
2	"49"	7	3	3
2	"50"	7	3	4
2	"51"	7	2	2
2	"52"	7	2	2
2	"53"	7	3	2
2	"54"	7	4	2
2	"55"	7	2	3
2	"56"	7	2	3
2	"57"	7	2	4
2	"58"	7	2	3
2	"59"	7	3	3
2	"60"	7	1	2
2	"61"	7	3	1
2	"62"	7	2	1
2	"63"	7	4	4
2	"64"	7	4	3
2	"100"	7	NA	NA
6	"1"	6	2	2
6	"2"	6	2	3
6	"3"	6	4	2
6	"4"	6	3	2
6	"5"	6	4	3
6	"6"	6	1	2
6	"10"	6	3	4
6	"11"	6	3	3
6	"12"	6	4	3
6	"13"	6	1	1
6	"14"	6	3	3
6	"15"	6	3	2
6	"16"	6	NA	NA
6	"17"	6	NA	NA
6	"18"	6	2	2
6	"19"	6	2	2
6	"20"	6	3	2
6	"21"	6	3	2
6	"22"	6	2	3
6	"23"	6	4	2
6	"24"	6	3	2
6	"25"	6	4	2
6	"26"	6	4	4
6	"27"	6	1	2
6	"28"	6	1	1
6	"29"	6	3	2
6	"30"	6	2	2
6	"31"	6	3	2
6	"32"	6	3	3
6	"33"	6	2	3
6	"34"	6	2	3
6	"35"	6	2	2
6	"36"	6	2	3
6	"37"	6	4	4
6	"38"	6	3	2
6	"39"	6	2	3
6	"40"	6	2	3
6	"41"	6	3	3
6	"42"	6	3	2
6	"43"	6	2	2
6	"44"	6	3	3
6	"45"	6	2	3
6	"46"	6	3	3
6	"47"	6	2	2
6	"48"	6	NA	NA
6	"49"	6	NA	NA
6	"50"	6	2	2
6	"51"	6	3	2
6	"52"	6	2	2
6	"53"	6	2	1
6	"54"	6	3	3
6	"55"	6	3	2
6	"56"	6	3	3
6	"57"	6	4	3
6	"58"	6	3	3
6	"59"	6	3	3
6	"60"	6	3	2
6	"61"	6	3	3
6	"62"	6	2	2
6	"63"	6	3	3
6	"64"	6	3	3
6	"100"	6	NA	NA
1	"1"	10	3	2
1	"2"	10	1	1
1	"3"	10	3	2
1	"4"	10	2	1
1	"5"	10	1	1
1	"6"	10	3	2
1	"10"	10	NA	NA
1	"11"	10	1	1
1	"12"	10	3	2
1	"13"	10	1	1
1	"14"	10	1	3
1	"15"	10	1	1
1	"16"	10	1	2
1	"17"	10	1	1
1	"18"	10	2	1
1	"19"	10	3	2
1	"20"	10	1	1
1	"21"	10	3	2
1	"22"	10	4	1
1	"23"	10	2	1
1	"24"	10	2	3
1	"25"	10	1	1
1	"26"	10	1	1
1	"27"	10	1	1
1	"28"	10	1	1
1	"29"	10	2	1
1	"30"	10	3	1
1	"31"	10	2	1
1	"32"	10	2	1
1	"33"	10	2	1
1	"34"	10	2	2
1	"35"	10	1	1
1	"36"	10	1	2
1	"37"	10	4	2
1	"38"	10	3	1
1	"39"	10	2	1
1	"40"	10	NA	NA
1	"41"	10	NA	NA
1	"42"	10	NA	NA
1	"43"	10	1	1
1	"44"	10	1	2
1	"45"	10	2	1
1	"46"	10	1	2
1	"47"	10	1	1
1	"48"	10	2	2
1	"49"	10	2	1
1	"50"	10	1	1
1	"51"	10	1	1
1	"52"	10	3	1
1	"53"	10	1	1
1	"54"	10	2	1
1	"55"	10	2	1
1	"56"	10	3	2
1	"57"	10	1	1
1	"58"	10	1	2
1	"59"	10	2	4
1	"60"	10	1	1
1	"61"	10	1	1
1	"62"	10	2	1
1	"63"	10	2	2
1	"64"	10	2	2
1	"100"	10	NA	NA
28	"1"	9	2	2
28	"2"	9	1	2
28	"3"	9	3	2
28	"4"	9	1	2
28	"5"	9	3	3
28	"6"	9	4	3
28	"10"	9	2	4
28	"11"	9	2	1
28	"12"	9	3	2
28	"13"	9	1	1
28	"14"	9	3	3
28	"15"	9	2	1
28	"16"	9	1	2
28	"17"	9	1	2
28	"18"	9	2	1
28	"19"	9	2	1
28	"20"	9	1	1
28	"21"	9	2	1
28	"22"	9	2	2
28	"23"	9	4	2
28	"24"	9	1	3
28	"25"	9	3	3
28	"26"	9	2	3
28	"27"	9	1	1
28	"28"	9	1	1
28	"29"	9	1	1
28	"30"	9	1	1
28	"31"	9	NA	NA
28	"32"	9	NA	NA
28	"33"	9	2	3
28	"34"	9	3	2
28	"35"	9	1	1
28	"36"	9	2	NA
28	"37"	9	3	4
28	"38"	9	3	2
28	"39"	9	2	3
28	"40"	9	1	1
28	"41"	9	1	1
28	"42"	9	1	3
28	"43"	9	2	1
28	"44"	9	3	3
28	"45"	9	1	2
28	"46"	9	1	2
28	"47"	9	2	1
28	"48"	9	3	3
28	"49"	9	1	1
28	"50"	9	1	1
28	"51"	9	1	1
28	"52"	9	1	1
28	"53"	9	1	1
28	"54"	9	1	3
28	"55"	9	1	2
28	"56"	9	1	1
28	"57"	9	1	2
28	"58"	9	1	3
28	"59"	9	2	4
28	"60"	9	2	1
28	"61"	9	1	1
28	"62"	9	1	1
28	"63"	9	NA	NA
28	"64"	9	NA	NA
28	"100"	9	NA	NA
18	"1"	7	2	3
18	"2"	7	3	3
18	"3"	7	2	3
18	"4"	7	3	3
18	"5"	7	2	2
18	"6"	7	2	3
18	"10"	7	3	4
18	"11"	7	2	3
18	"12"	7	2	2
18	"13"	7	2	2
18	"14"	7	2	3
18	"15"	7	2	1
18	"16"	7	3	3
18	"17"	7	2	2
18	"18"	7	3	3
18	"19"	7	NA	NA
18	"20"	7	NA	NA
18	"21"	7	2	2
18	"22"	7	3	3
18	"23"	7	3	3
18	"24"	7	3	3
18	"25"	7	4	3
18	"26"	7	3	2
18	"27"	7	2	2
18	"28"	7	1	2
18	"29"	7	3	3
18	"30"	7	2	2
18	"31"	7	3	2
18	"32"	7	2	3
18	"33"	7	2	3
18	"34"	7	3	2
18	"35"	7	1	2
18	"36"	7	2	2
18	"37"	7	4	3
18	"38"	7	3	2
18	"39"	7	3	3
18	"40"	7	2	2
18	"41"	7	2	3
18	"42"	7	2	3
18	"43"	7	3	3
18	"44"	7	3	3
18	"45"	7	2	2
18	"46"	7	2	2
18	"47"	7	3	2
18	"48"	7	3	4
18	"49"	7	2	2
18	"50"	7	2	2
18	"51"	7	NA	NA
18	"52"	7	NA	NA
18	"53"	7	2	2
18	"54"	7	3	3
18	"55"	7	3	2
18	"56"	7	4	3
18	"57"	7	4	3
18	"58"	7	2	3
18	"59"	7	2	4
18	"60"	7	2	2
18	"61"	7	3	3
18	"62"	7	2	2
18	"63"	7	3	2
18	"64"	7	3	3
18	"100"	7	NA	NA
30	"1"	6	2	2
30	"2"	6	2	3
30	"3"	6	3	4
30	"4"	6	3	3
30	"5"	6	2	3
30	"6"	6	2	2
30	"10"	6	2	4
30	"11"	6	2	3
30	"12"	6	2	3
30	"13"	6	2	1
30	"14"	6	2	3
30	"15"	6	1	1
30	"16"	6	1	2
30	"17"	6	1	2
30	"18"	6	1	3
30	"19"	6	2	2
30	"20"	6	1	1
30	"21"	6	1	1
30	"22"	6	1	3
30	"23"	6	3	3
30	"24"	6	3	2
30	"25"	6	1	2
30	"26"	6	1	2
30	"27"	6	1	1
30	"28"	6	1	1
30	"29"	6	2	3
30	"30"	6	1	2
30	"31"	6	3	3
30	"32"	6	2	3
30	"33"	6	3	3
30	"34"	6	3	3
30	"35"	6	1	1
30	"36"	6	1	2
30	"37"	6	2	3
30	"38"	6	3	1
30	"39"	6	NA	NA
30	"40"	6	NA	NA
30	"41"	6	3	4
30	"42"	6	1	2
30	"43"	6	1	2
30	"44"	6	2	3
30	"45"	6	1	1
30	"46"	6	1	2
30	"47"	6	1	2
30	"48"	6	2	3
30	"49"	6	3	2
30	"50"	6	1	1
30	"51"	6	1	1
30	"52"	6	1	1
30	"53"	6	1	1
30	"54"	6	2	2
30	"55"	6	1	3
30	"56"	6	2	3
30	"57"	6	2	3
30	"58"	6	3	3
30	"59"	6	2	3
30	"60"	6	1	1
30	"61"	6	1	3
30	"62"	6	2	3
30	"63"	6	2	3
30	"64"	6	3	3
30	"100"	6	NA	NA
23	"1"	6	3	1
23	"2"	6	1	4
23	"3"	6	NA	NA
23	"4"	6	NA	NA
23	"5"	6	3	4
23	"6"	6	3	4
23	"10"	6	2	4
23	"11"	6	2	3
23	"12"	6	3	4
23	"13"	6	1	2
23	"14"	6	2	4
23	"15"	6	1	2
23	"16"	6	2	3
23	"17"	6	3	3
23	"18"	6	1	3
23	"19"	6	3	3
23	"20"	6	3	2
23	"21"	6	3	3
23	"22"	6	2	3
23	"23"	6	3	4
23	"24"	6	3	3
23	"25"	6	2	3
23	"26"	6	NA	3
23	"27"	6	2	2
23	"28"	6	3	1
23	"29"	6	3	3
23	"30"	6	3	2
23	"31"	6	2	3
23	"32"	6	2	3
23	"33"	6	3	3
23	"34"	6	4	3
23	"35"	6	2	3
23	"36"	6	NA	NA
23	"37"	6	NA	NA
23	"38"	6	2	3
23	"39"	6	1	2
23	"40"	6	2	1
23	"41"	6	3	3
23	"42"	6	3	2
23	"43"	6	2	3
23	"44"	6	2	3
23	"45"	6	2	2
23	"46"	6	1	2
23	"47"	6	1	2
23	"48"	6	4	4
23	"49"	6	3	3
23	"50"	6	2	3
23	"51"	6	2	2
23	"52"	6	2	2
23	"53"	6	3	2
23	"54"	6	3	4
23	"55"	6	2	3
23	"56"	6	3	4
23	"57"	6	4	3
23	"58"	6	2	3
23	"59"	6	2	1
23	"60"	6	1	2
23	"61"	6	2	2
23	"62"	6	2	2
23	"63"	6	3	3
23	"64"	6	3	3
23	"100"	6	NA	NA
10	"1"	7	3	1
10	"2"	7	2	3
10	"3"	7	2	3
10	"4"	7	2	2
10	"5"	7	3	2
10	"6"	7	2	1
10	"10"	7	2	3
10	"11"	7	2	1
10	"12"	7	3	2
10	"13"	7	3	2
10	"14"	7	2	4
10	"15"	7	1	1
10	"16"	7	2	3
10	"17"	7	2	4
10	"18"	7	2	3
10	"19"	7	2	1
10	"20"	7	1	1
10	"21"	7	4	2
10	"22"	7	3	4
10	"23"	7	4	3
10	"24"	7	4	4
10	"25"	7	NA	NA
10	"26"	7	NA	NA
10	"27"	7	1	2
10	"28"	7	1	1
10	"29"	7	4	3
10	"30"	7	2	1
10	"31"	7	2	3
10	"32"	7	2	2
10	"33"	7	4	2
10	"34"	7	3	2
10	"35"	7	1	1
10	"36"	7	3	3
10	"37"	7	4	4
10	"38"	7	3	2
10	"39"	7	2	4
10	"40"	7	2	1
10	"41"	7	4	4
10	"42"	7	2	3
10	"43"	7	2	3
10	"44"	7	3	3
10	"45"	7	1	2
10	"46"	7	3	4
10	"47"	7	3	2
10	"48"	7	3	4
10	"49"	7	3	1
10	"50"	7	1	3
10	"51"	7	4	2
10	"52"	7	2	2
10	"53"	7	1	1
10	"54"	7	3	4
10	"55"	7	3	3
10	"56"	7	2	4
10	"57"	7	NA	NA
10	"58"	7	NA	NA
10	"59"	7	4	4
10	"60"	7	1	1
10	"61"	7	3	2
10	"62"	7	2	2
10	"63"	7	4	4
10	"64"	7	3	3
10	"100"	7	NA	NA
21	"1"	3	2	2
21	"2"	3	3	1
21	"3"	3	2	3
21	"4"	3	1	3
21	"5"	3	1	3
21	"6"	3	1	2
21	"10"	3	1	2
21	"11"	3	2	3
21	"12"	3	2	3
21	"13"	3	2	1
21	"14"	3	1	3
21	"15"	3	4	1
21	"16"	3	2	2
21	"17"	3	3	2
21	"18"	3	2	3
21	"19"	3	1	1
21	"20"	3	3	1
21	"21"	3	1	2
21	"22"	3	1	3
21	"23"	3	3	3
21	"24"	3	1	4
21	"25"	3	1	1
21	"26"	3	NA	NA
21	"27"	3	NA	NA
21	"28"	3	1	1
21	"29"	3	1	2
21	"30"	3	1	1
21	"31"	3	3	3
21	"32"	3	3	2
21	"33"	3	1	1
21	"34"	3	3	2
21	"35"	3	1	1
21	"36"	3	1	2
21	"37"	3	3	3
21	"38"	3	1	3
21	"39"	3	4	2
21	"40"	3	1	3
21	"41"	3	1	3
21	"42"	3	3	2
21	"43"	3	2	1
21	"44"	3	3	3
21	"45"	3	1	1
21	"46"	3	1	3
21	"47"	3	1	2
21	"48"	3	2	4
21	"49"	3	2	1
21	"50"	3	1	1
21	"51"	3	3	2
21	"52"	3	4	2
21	"53"	3	1	1
21	"54"	3	4	2
21	"55"	3	1	1
21	"56"	3	1	3
21	"57"	3	1	3
21	"58"	3	NA	NA
21	"59"	3	NA	NA
21	"60"	3	1	2
21	"61"	3	3	1
21	"62"	3	1	1
21	"63"	3	3	2
21	"64"	3	3	3
21	"100"	3	NA	NA
15	"1"	2	4	2
15	"2"	2	1	1
15	"3"	2	3	3
15	"4"	2	2	3
15	"5"	2	4	3
15	"6"	2	4	4
15	"10"	2	2	4
15	"11"	2	1	1
15	"12"	2	4	2
15	"13"	2	2	3
15	"14"	2	3	4
15	"15"	2	1	1
15	"16"	2	3	3
15	"17"	2	2	3
15	"18"	2	2	2
15	"19"	2	1	1
15	"20"	2	3	1
15	"21"	2	2	3
15	"22"	2	4	4
15	"23"	2	NA	NA
15	"24"	2	NA	NA
15	"25"	2	4	3
15	"26"	2	3	3
15	"27"	2	1	1
15	"28"	2	1	1
15	"29"	2	4	1
15	"30"	2	2	3
15	"31"	2	3	2
15	"32"	2	1	4
15	"33"	2	4	4
15	"34"	2	2	3
15	"35"	2	1	2
15	"36"	2	1	3
15	"37"	2	4	4
15	"38"	2	4	2
15	"39"	2	2	3
15	"40"	2	1	1
15	"41"	2	3	3
15	"42"	2	1	4
15	"43"	2	2	4
15	"44"	2	3	3
15	"45"	2	1	3
15	"46"	2	1	4
15	"47"	2	4	2
15	"48"	2	3	4
15	"49"	2	3	1
15	"50"	2	1	4
15	"51"	2	2	2
15	"52"	2	2	3
15	"53"	2	4	1
15	"54"	2	2	3
15	"55"	2	NA	NA
15	"56"	2	NA	NA
15	"57"	2	1	1
15	"58"	2	3	4
15	"59"	2	4	1
15	"60"	2	3	1
15	"61"	2	3	1
15	"62"	2	4	3
15	"63"	2	2	4
15	"64"	2	4	3
15	"100"	2	NA	NA
3	"1"	4	2	3
3	"2"	4	3	3
3	"3"	4	3	2
3	"4"	4	2	3
3	"5"	4	1	2
3	"6"	4	1	2
3	"10"	4	2	2
3	"11"	4	2	3
3	"12"	4	3	3
3	"13"	4	1	2
3	"14"	4	NA	NA
3	"15"	4	NA	NA
3	"16"	4	2	3
3	"17"	4	3	3
3	"18"	4	1	3
3	"19"	4	3	3
3	"20"	4	2	2
3	"21"	4	2	2
3	"22"	4	3	3
3	"23"	4	4	3
3	"24"	4	1	2
3	"25"	4	3	3
3	"26"	4	2	2
3	"27"	4	1	1
3	"28"	4	2	1
3	"29"	4	3	3
3	"30"	4	1	2
3	"31"	4	2	3
3	"32"	4	3	3
3	"33"	4	3	3
3	"34"	4	3	3
3	"35"	4	1	2
3	"36"	4	3	3
3	"37"	4	4	3
3	"38"	4	2	2
3	"39"	4	2	3
3	"40"	4	1	1
3	"41"	4	3	3
3	"42"	4	2	3
3	"43"	4	2	3
3	"44"	4	3	3
3	"45"	4	3	2
3	"46"	4	NA	NA
3	"47"	4	NA	NA
3	"48"	4	3	3
3	"49"	4	2	2
3	"50"	4	1	3
3	"51"	4	2	2
3	"52"	4	2	1
3	"53"	4	1	1
3	"54"	4	2	3
3	"55"	4	2	2
3	"56"	4	3	3
3	"57"	4	2	3
3	"58"	4	2	3
3	"59"	4	2	3
3	"60"	4	2	1
3	"61"	4	3	2
3	"62"	4	2	3
3	"63"	4	2	3
3	"64"	4	3	3
3	"100"	4	NA	NA
5	"1"	5	1	3
5	"2"	5	1	1
5	"3"	5	1	2
5	"4"	5	2	3
5	"5"	5	1	2
5	"6"	5	1	1
5	"10"	5	1	3
5	"11"	5	1	3
5	"12"	5	3	3
5	"13"	5	1	1
5	"14"	5	1	3
5	"15"	5	1	1
5	"16"	5	1	2
5	"17"	5	1	2
5	"18"	5	1	2
5	"19"	5	2	3
5	"20"	5	1	2
5	"21"	5	2	3
5	"22"	5	1	3
5	"23"	5	2	2
5	"24"	5	2	3
5	"25"	5	2	2
5	"26"	5	1	2
5	"27"	5	1	1
5	"28"	5	1	1
5	"29"	5	1	3
5	"30"	5	1	3
5	"31"	5	2	3
5	"32"	5	1	2
5	"33"	5	2	2
5	"34"	5	2	1
5	"35"	5	1	1
5	"36"	5	1	2
5	"37"	5	3	3
5	"38"	5	1	2
5	"39"	5	2	2
5	"40"	5	NA	NA
5	"41"	5	NA	NA
5	"42"	5	1	3
5	"43"	5	1	2
5	"44"	5	2	2
5	"45"	5	1	2
5	"46"	5	1	2
5	"47"	5	1	2
5	"48"	5	1	2
5	"49"	5	1	1
5	"50"	5	2	2
5	"51"	5	1	3
5	"52"	5	1	1
5	"53"	5	NA	NA
5	"54"	5	1	2
5	"55"	5	2	2
5	"56"	5	2	3
5	"57"	5	1	3
5	"58"	5	1	3
5	"59"	5	3	3
5	"60"	5	1	1
5	"61"	5	1	1
5	"62"	5	2	1
5	"63"	5	3	2
5	"64"	5	2	2
5	"100"	5	NA	NA
25	"1"	10	3	3
25	"2"	10	1	2
25	"3"	10	2	4
25	"4"	10	4	3
25	"5"	10	1	1
25	"6"	10	3	2
25	"10"	10	2	4
25	"11"	10	1	1
25	"12"	10	2	2
25	"13"	10	1	1
25	"14"	10	2	4
25	"15"	10	1	1
25	"16"	10	2	1
25	"17"	10	3	2
25	"18"	10	2	1
25	"19"	10	3	2
25	"20"	10	3	1
25	"21"	10	NA	NA
25	"22"	10	NA	NA
25	"23"	10	4	4
25	"24"	10	3	4
25	"25"	10	4	3
25	"26"	10	4	2
25	"27"	10	1	1
25	"28"	10	1	1
25	"29"	10	3	3
25	"30"	10	2	1
25	"31"	10	2	2
25	"32"	10	3	2
25	"33"	10	2	2
25	"34"	10	2	2
25	"35"	10	1	1
25	"36"	10	2	4
25	"37"	10	4	3
25	"38"	10	3	1
25	"39"	10	3	1
25	"40"	10	1	2
25	"41"	10	4	3
25	"42"	10	2	4
25	"43"	10	2	2
25	"44"	10	2	3
25	"45"	10	1	2
25	"46"	10	1	4
25	"47"	10	2	2
25	"48"	10	3	4
25	"49"	10	2	1
25	"50"	10	1	2
25	"51"	10	1	1
25	"52"	10	2	2
25	"53"	10	NA	NA
25	"54"	10	NA	NA
25	"55"	10	3	2
25	"56"	10	3	3
25	"57"	10	2	3
25	"58"	10	3	3
25	"59"	10	4	3
25	"60"	10	3	1
25	"61"	10	3	2
25	"62"	10	2	2
25	"63"	10	2	1
25	"64"	10	4	3
25	"100"	10	NA	NA
24	"1"	10	2	2
24	"2"	10	1	3
24	"3"	10	1	4
24	"4"	10	3	2
24	"5"	10	1	2
24	"6"	10	4	4
24	"10"	10	4	4
24	"11"	10	2	2
24	"12"	10	2	3
24	"13"	10	1	1
24	"14"	10	3	4
24	"15"	10	1	1
24	"16"	10	4	4
24	"17"	10	3	2
24	"18"	10	4	3
24	"19"	10	2	2
24	"20"	10	3	2
24	"21"	10	3	1
24	"22"	10	4	3
24	"23"	10	4	3
24	"24"	10	NA	NA
24	"25"	10	NA	NA
24	"26"	10	2	4
24	"27"	10	1	1
24	"28"	10	1	1
24	"29"	10	4	3
24	"30"	10	1	2
24	"31"	10	3	3
24	"32"	10	4	3
24	"33"	10	4	4
24	"34"	10	3	2
24	"35"	10	1	1
24	"36"	10	1	3
24	"37"	10	4	4
24	"38"	10	3	2
24	"39"	10	2	1
24	"40"	10	1	2
24	"41"	10	4	3
24	"42"	10	4	2
24	"43"	10	2	2
24	"44"	10	4	2
24	"45"	10	1	1
24	"46"	10	1	3
24	"47"	10	2	2
24	"48"	10	3	4
24	"49"	10	1	1
24	"50"	10	1	2
24	"51"	10	1	1
24	"52"	10	2	2
24	"53"	10	1	1
24	"54"	10	3	3
24	"55"	10	1	2
24	"56"	10	NA	NA
24	"57"	10	NA	NA
24	"58"	10	1	3
24	"59"	10	2	4
24	"60"	10	1	1
24	"61"	10	2	2
24	"62"	10	3	2
24	"63"	10	3	2
24	"64"	10	3	3
24	"100"	10	NA	NA
29	"1"	5	2	2
29	"2"	5	NA	NA
29	"3"	5	NA	NA
29	"4"	5	1	3
29	"5"	5	3	2
29	"6"	5	1	2
29	"10"	5	3	4
29	"11"	5	2	3
29	"12"	5	4	4
29	"13"	5	4	3
29	"14"	5	3	3
29	"15"	5	1	2
29	"16"	5	1	2
29	"17"	5	1	2
29	"18"	5	3	4
29	"19"	5	1	2
29	"20"	5	1	1
29	"21"	5	1	2
29	"22"	5	3	3
29	"23"	5	2	3
29	"24"	5	3	4
29	"25"	5	4	2
29	"26"	5	1	2
29	"27"	5	1	2
29	"28"	5	1	1
29	"29"	5	3	3
29	"30"	5	2	3
29	"31"	5	1	2
29	"32"	5	3	3
29	"33"	5	2	4
29	"34"	5	2	3
29	"35"	5	NA	NA
29	"36"	5	NA	NA
29	"37"	5	4	4
29	"38"	5	3	3
29	"39"	5	2	3
29	"40"	5	1	2
29	"41"	5	1	2
29	"42"	5	1	4
29	"43"	5	1	3
29	"44"	5	1	2
29	"45"	5	1	3
29	"46"	5	1	3
29	"47"	5	2	3
29	"48"	5	2	4
29	"49"	5	2	3
29	"50"	5	1	2
29	"51"	5	1	2
29	"52"	5	1	2
29	"53"	5	1	1
29	"54"	5	1	3
29	"55"	5	1	2
29	"56"	5	2	3
29	"57"	5	1	3
29	"58"	5	1	3
29	"59"	5	1	3
29	"60"	5	1	2
29	"61"	5	1	2
29	"62"	5	1	2
29	"63"	5	2	3
29	"64"	5	3	4
29	"100"	5	NA	NA
16	"1"	2	1	1
16	"2"	2	2	2
16	"3"	2	2	2
16	"4"	2	1	1
16	"5"	2	2	2
16	"6"	2	NA	2
16	"10"	2	2	2
16	"11"	2	2	2
16	"12"	2	4	2
16	"13"	2	2	2
16	"14"	2	2	2
16	"15"	2	2	2
16	"16"	2	2	2
16	"17"	2	2	2
16	"18"	2	3	3
16	"19"	2	2	2
16	"20"	2	2	2
16	"21"	2	3	3
16	"22"	2	3	4
16	"23"	2	3	3
16	"24"	2	3	3
16	"25"	2	2	2
16	"26"	2	2	3
16	"27"	2	2	1
16	"28"	2	NA	2
16	"29"	2	2	NA
16	"30"	2	2	2
16	"31"	2	3	3
16	"32"	2	4	4
16	"33"	2	2	2
16	"34"	2	2	2
16	"35"	2	2	2
16	"36"	2	2	3
16	"37"	2	2	2
16	"38"	2	3	3
16	"39"	2	1	1
16	"40"	2	2	2
16	"41"	2	3	3
16	"42"	2	2	2
16	"43"	2	1	1
16	"44"	2	3	3
16	"45"	2	1	1
16	"46"	2	1	1
16	"47"	2	3	3
16	"48"	2	2	2
16	"49"	2	3	3
16	"50"	2	1	1
16	"51"	2	2	2
16	"52"	2	3	3
16	"53"	2	3	3
16	"54"	2	3	3
16	"55"	2	2	2
16	"56"	2	1	1
16	"57"	2	1	1
16	"58"	2	2	2
16	"59"	2	3	3
16	"60"	2	NA	NA
16	"61"	2	2	2
16	"62"	2	3	NA
16	"63"	2	2	2
16	"64"	2	1	1
16	"100"	2	NA	NA
13	"1"	5	1	NA
13	"2"	5	3	1
13	"3"	5	2	1
13	"4"	5	NA	NA
13	"5"	5	NA	NA
13	"6"	5	1	1
13	"10"	5	2	1
13	"11"	5	1	1
13	"12"	5	4	1
13	"13"	5	1	1
13	"14"	5	1	1
13	"15"	5	1	1
13	"16"	5	1	1
13	"17"	5	2	1
13	"18"	5	2	1
13	"19"	5	2	1
13	"20"	5	1	1
13	"21"	5	1	1
13	"22"	5	1	1
13	"23"	5	3	2
13	"24"	5	3	2
13	"25"	5	1	2
13	"26"	5	1	1
13	"27"	5	1	1
13	"28"	5	1	1
13	"29"	5	1	1
13	"30"	5	1	1
13	"31"	5	2	1
13	"32"	5	1	2
13	"33"	5	1	2
13	"34"	5	1	2
13	"35"	5	1	1
13	"36"	5	2	1
13	"37"	5	NA	NA
13	"38"	5	NA	NA
13	"39"	5	1	2
13	"40"	5	3	2
13	"41"	5	2	2
13	"42"	5	1	4
13	"43"	5	2	2
13	"44"	5	3	2
13	"45"	5	1	2
13	"46"	5	2	3
13	"47"	5	3	3
13	"48"	5	2	4
13	"49"	5	1	2
13	"50"	5	1	3
13	"51"	5	1	2
13	"52"	5	1	2
13	"53"	5	1	1
13	"54"	5	1	2
13	"55"	5	1	2
13	"56"	5	2	2
13	"57"	5	1	1
13	"58"	5	1	2
13	"59"	5	1	2
13	"60"	5	2	2
13	"61"	5	2	2
13	"62"	5	3	2
13	"63"	5	2	1
13	"64"	5	1	2
13	"100"	5	NA	NA
12	"1"	3	1	2
12	"2"	3	2	2
12	"3"	3	3	4
12	"4"	3	4	3
12	"5"	3	2	2
12	"6"	3	2	3
12	"10"	3	3	3
12	"11"	3	2	2
12	"12"	3	3	3
12	"13"	3	1	3
12	"14"	3	2	3
12	"15"	3	1	2
12	"16"	3	2	2
12	"17"	3	2	2
12	"18"	3	3	2
12	"19"	3	2	2
12	"20"	3	2	3
12	"21"	3	2	2
12	"22"	3	NA	NA
12	"23"	3	NA	NA
12	"24"	3	3	3
12	"25"	3	4	2
12	"26"	3	2	3
12	"27"	3	3	2
12	"28"	3	1	1
12	"29"	3	2	2
12	"30"	3	2	2
12	"31"	3	3	3
12	"32"	3	3	3
12	"33"	3	3	3
12	"34"	3	3	3
12	"35"	3	2	2
12	"36"	3	2	2
12	"37"	3	3	3
12	"38"	3	3	2
12	"39"	3	2	2
12	"40"	3	2	2
12	"41"	3	3	3
12	"42"	3	2	2
12	"43"	3	2	3
12	"44"	3	3	3
12	"45"	3	2	2
12	"46"	3	2	2
12	"47"	3	1	2
12	"48"	3	2	2
12	"49"	3	2	2
12	"50"	3	2	2
12	"51"	3	2	1
12	"52"	3	2	3
12	"53"	3	2	2
12	"54"	3	NA	NA
12	"55"	3	NA	NA
12	"56"	3	2	2
12	"57"	3	2	2
12	"58"	3	2	2
12	"59"	3	4	4
12	"60"	3	2	2
12	"61"	3	2	2
12	"62"	3	3	2
12	"63"	3	2	2
12	"64"	3	2	3
12	"100"	3	NA	NA
20	"1"	3	1	2
20	"2"	3	3	3
20	"3"	3	2	3
20	"4"	3	1	2
20	"5"	3	3	3
20	"6"	3	4	3
20	"10"	3	2	3
20	"11"	3	2	3
20	"12"	3	1	1
20	"13"	3	3	2
20	"14"	3	2	3
20	"15"	3	1	1
20	"16"	3	2	3
20	"17"	3	1	3
20	"18"	3	2	3
20	"19"	3	2	3
20	"20"	3	2	3
20	"21"	3	1	2
20	"22"	3	3	2
20	"23"	3	3	2
20	"24"	3	1	3
20	"25"	3	1	2
20	"26"	3	3	1
20	"27"	3	1	1
20	"28"	3	NA	NA
20	"29"	3	2	3
20	"30"	3	2	3
20	"31"	3	2	3
20	"32"	3	3	1
20	"33"	3	3	2
20	"34"	3	2	2
20	"35"	3	1	2
20	"36"	3	1	4
20	"37"	3	4	3
20	"38"	3	3	3
20	"39"	3	1	3
20	"40"	3	1	1
20	"41"	3	1	1
20	"42"	3	1	1
20	"43"	3	2	3
20	"44"	3	1	1
20	"45"	3	2	2
20	"46"	3	1	1
20	"47"	3	1	3
20	"48"	3	1	3
20	"49"	3	1	1
20	"50"	3	1	1
20	"51"	3	1	2
20	"52"	3	1	1
20	"53"	3	1	1
20	"54"	3	2	2
20	"55"	3	1	1
20	"56"	3	2	3
20	"57"	3	2	3
20	"58"	3	2	2
20	"59"	3	NA	NA
20	"60"	3	NA	NA
20	"61"	3	3	1
20	"62"	3	3	2
20	"63"	3	3	3
20	"64"	3	2	2
20	"100"	3	NA	NA
19	"1"	7	2	1
19	"2"	7	1	2
19	"3"	7	3	3
19	"4"	7	2	2
19	"5"	7	1	2
19	"6"	7	1	2
19	"10"	7	2	4
19	"11"	7	1	3
19	"12"	7	3	3
19	"13"	7	1	2
19	"14"	7	2	3
19	"15"	7	NA	NA
19	"16"	7	NA	NA
19	"17"	7	2	2
19	"18"	7	1	2
19	"19"	7	1	2
19	"20"	7	1	2
19	"21"	7	2	1
19	"22"	7	2	3
19	"23"	7	4	2
19	"24"	7	2	3
19	"25"	7	2	2
19	"26"	7	2	1
19	"27"	7	1	2
19	"28"	7	2	1
19	"29"	7	3	2
19	"30"	7	2	1
19	"31"	7	2	3
19	"32"	7	2	3
19	"33"	7	3	2
19	"34"	7	2	2
19	"35"	7	2	3
19	"36"	7	1	2
19	"37"	7	3	3
19	"38"	7	1	2
19	"39"	7	1	3
19	"40"	7	1	1
19	"41"	7	2	3
19	"42"	7	2	4
19	"43"	7	1	3
19	"44"	7	2	3
19	"45"	7	2	1
19	"46"	7	2	2
19	"47"	7	NA	NA
19	"48"	7	NA	NA
19	"49"	7	2	2
19	"50"	7	2	2
19	"51"	7	NA	2
19	"52"	7	1	NA
19	"53"	7	1	1
19	"54"	7	2	NA
19	"55"	7	2	NA
19	"56"	7	3	3
19	"57"	7	2	2
19	"58"	7	3	3
19	"59"	7	2	4
19	"60"	7	2	1
19	"61"	7	1	2
19	"62"	7	3	2
19	"63"	7	2	3
19	"64"	7	3	3
19	"100"	7	NA	NA
7	"1"	1	NA	NA
7	"2"	1	NA	NA
7	"3"	1	2	3
7	"4"	1	3	2
7	"5"	1	2	2
7	"6"	1	1	2
7	"10"	1	1	2
7	"11"	1	2	2
7	"12"	1	3	2
7	"13"	1	1	1
7	"14"	1	1	2
7	"15"	1	2	1
7	"16"	1	3	2
7	"17"	1	3	3
7	"18"	1	1	3
7	"19"	1	2	2
7	"20"	1	1	1
7	"21"	1	1	2
7	"22"	1	2	3
7	"23"	1	4	3
7	"24"	1	2	2
7	"25"	1	4	3
7	"26"	1	2	2
7	"27"	1	3	2
7	"28"	1	1	1
7	"29"	1	4	3
7	"30"	1	1	1
7	"31"	1	1	3
7	"32"	1	3	3
7	"33"	1	2	2
7	"34"	1	NA	NA
7	"35"	1	NA	NA
7	"36"	1	2	2
7	"37"	1	4	2
7	"38"	1	1	2
7	"39"	1	3	3
7	"40"	1	1	1
7	"41"	1	2	4
7	"42"	1	1	4
7	"43"	1	1	3
7	"44"	1	3	2
7	"45"	1	2	1
7	"46"	1	1	2
7	"47"	1	2	2
7	"48"	1	3	3
7	"49"	1	2	2
7	"50"	1	1	2
7	"51"	1	2	1
7	"52"	1	2	2
7	"53"	1	1	2
7	"54"	1	1	2
7	"55"	1	3	2
7	"56"	1	2	2
7	"57"	1	3	2
7	"58"	1	3	3
7	"59"	1	2	1
7	"60"	1	3	1
7	"61"	1	2	2
7	"62"	1	3	1
7	"63"	1	3	4
7	"64"	1	4	3
7	"100"	1	NA	NA
31	"1"	8	4	1
31	"2"	8	2	4
31	"3"	8	4	4
31	"4"	8	4	2
31	"5"	8	1	1
31	"6"	8	4	4
31	"10"	8	2	3
31	"11"	8	3	2
31	"12"	8	3	3
31	"13"	8	1	1
31	"14"	8	2	3
31	"15"	8	1	1
31	"16"	8	2	2
31	"17"	8	3	3
31	"18"	8	4	3
31	"19"	8	1	2
31	"20"	8	2	2
31	"21"	8	3	2
31	"22"	8	4	4
31	"23"	8	3	4
31	"24"	8	3	2
31	"25"	8	1	1
31	"26"	8	1	1
31	"27"	8	4	4
31	"28"	8	2	1
31	"29"	8	4	2
31	"30"	8	4	3
31	"31"	8	2	2
31	"32"	8	1	1
31	"33"	8	1	2
31	"34"	8	4	4
31	"35"	8	3	2
31	"36"	8	2	3
31	"37"	8	4	3
31	"38"	8	3	3
31	"39"	8	1	2
31	"40"	8	1	1
31	"41"	8	1	1
31	"42"	8	1	2
31	"43"	8	3	4
31	"44"	8	1	2
31	"45"	8	2	2
31	"46"	8	1	1
31	"47"	8	2	2
31	"48"	8	2	3
31	"49"	8	1	1
31	"50"	8	2	2
31	"51"	8	1	2
31	"52"	8	3	2
31	"53"	8	2	1
31	"54"	8	2	3
31	"55"	8	1	2
31	"56"	8	2	4
31	"57"	8	1	2
31	"58"	8	1	3
31	"59"	8	1	4
31	"60"	8	1	1
31	"61"	8	2	2
31	"62"	8	1	2
31	"63"	8	2	2
31	"64"	8	1	2
31	"100"	8	NA	NA
17	"1"	6	2	2
17	"2"	6	3	1
17	"3"	6	2	2
17	"4"	6	3	2
17	"5"	6	1	3
17	"6"	6	1	2
17	"10"	6	1	2
17	"11"	6	1	2
17	"12"	6	3	2
17	"13"	6	NA	3
17	"14"	6	NA	NA
17	"15"	6	3	3
17	"16"	6	3	3
17	"17"	6	3	2
17	"18"	6	1	3
17	"19"	6	1	2
17	"20"	6	2	2
17	"21"	6	3	4
17	"22"	6	2	3
17	"23"	6	4	3
17	"24"	6	4	4
17	"25"	6	4	3
17	"26"	6	2	3
17	"27"	6	2	1
17	"28"	6	1	1
17	"29"	6	4	3
17	"30"	6	2	4
17	"31"	6	2	2
17	"32"	6	3	3
17	"33"	6	3	3
17	"34"	6	4	3
17	"35"	6	1	1
17	"36"	6	2	2
17	"37"	6	3	3
17	"38"	6	1	2
17	"39"	6	3	3
17	"40"	6	1	1
17	"41"	6	2	3
17	"42"	6	2	3
17	"43"	6	3	1
17	"44"	6	1	2
17	"45"	6	NA	NA
17	"46"	6	NA	NA
17	"47"	6	3	2
17	"48"	6	4	4
17	"49"	6	1	2
17	"50"	6	2	2
17	"51"	6	2	2
17	"52"	6	3	2
17	"53"	6	3	2
17	"54"	6	4	3
17	"55"	6	4	3
17	"56"	6	3	4
17	"57"	6	3	2
17	"58"	6	3	3
17	"59"	6	2	4
17	"60"	6	3	1
17	"61"	6	3	2
17	"62"	6	2	2
17	"63"	6	4	2
17	"64"	6	4	3
17	"100"	6	NA	NA
22	"1"	9	3	3
22	"2"	9	3	3
22	"3"	9	4	4
22	"4"	9	3	3
22	"5"	9	3	3
22	"6"	9	2	2
22	"10"	9	2	2
22	"11"	9	2	2
22	"12"	9	4	4
22	"13"	9	2	2
22	"14"	9	3	3
22	"15"	9	2	2
22	"16"	9	3	3
22	"17"	9	2	2
22	"18"	9	3	3
22	"19"	9	3	3
22	"20"	9	2	2
22	"21"	9	2	2
22	"22"	9	3	4
22	"23"	9	3	3
22	"24"	9	2	2
22	"25"	9	2	2
22	"26"	9	3	3
22	"27"	9	2	2
22	"28"	9	2	2
22	"29"	9	NA	NA
22	"30"	9	NA	NA
22	"31"	9	4	4
22	"32"	9	4	4
22	"33"	9	4	4
22	"34"	9	3	3
22	"35"	9	2	2
22	"36"	9	2	2
22	"37"	9	4	4
22	"38"	9	2	2
22	"39"	9	2	2
22	"40"	9	4	4
22	"41"	9	3	4
22	"42"	9	2	4
22	"43"	9	2	2
22	"44"	9	4	3
22	"45"	9	3	3
22	"46"	9	2	2
22	"47"	9	3	2
22	"48"	9	2	4
22	"49"	9	3	3
22	"50"	9	2	2
22	"51"	9	4	3
22	"52"	9	2	2
22	"53"	9	2	2
22	"54"	9	3	3
22	"55"	9	4	2
22	"56"	9	3	3
22	"57"	9	2	2
22	"58"	9	2	2
22	"59"	9	2	4
22	"60"	9	2	2
22	"61"	9	3	3
22	"62"	9	NA	NA
22	"63"	9	4	4
22	"64"	9	3	3
22	"100"	9	NA	NA
27	"1"	7	2	2
27	"2"	7	2	2
27	"3"	7	NA	NA
27	"4"	7	NA	NA
27	"5"	7	3	3
27	"6"	7	3	3
27	"10"	7	2	3
27	"11"	7	2	2
27	"12"	7	2	2
27	"13"	7	1	1
27	"14"	7	1	2
27	"15"	7	1	1
27	"16"	7	2	2
27	"17"	7	1	2
27	"18"	7	1	1
27	"19"	7	1	2
27	"20"	7	1	1
27	"21"	7	1	2
27	"22"	7	2	2
27	"23"	7	2	2
27	"24"	7	1	2
27	"25"	7	3	3
27	"26"	7	1	2
27	"27"	7	1	1
27	"28"	7	1	1
27	"29"	7	2	2
27	"30"	7	1	1
27	"31"	7	2	2
27	"32"	7	1	2
27	"33"	7	1	2
27	"34"	7	NA	NA
27	"35"	7	1	2
27	"36"	7	1	2
27	"37"	7	2	2
27	"38"	7	3	3
27	"39"	7	1	1
27	"40"	7	2	2
27	"41"	7	1	1
27	"42"	7	1	1
27	"43"	7	1	2
27	"44"	7	1	1
27	"45"	7	1	1
27	"46"	7	2	3
27	"47"	7	2	2
27	"48"	7	1	2
27	"49"	7	1	1
27	"50"	7	1	1
27	"51"	7	1	1
27	"52"	7	1	1
27	"53"	7	1	1
27	"54"	7	1	1
27	"55"	7	2	2
27	"56"	7	1	1
27	"57"	7	1	1
27	"58"	7	1	1
27	"59"	7	1	1
27	"60"	7	1	1
27	"61"	7	1	1
27	"62"	7	2	3
27	"63"	7	NA	NA
27	"64"	7	NA	NA
27	"100"	7	NA	NA
4	"1"	10	1	2
4	"2"	10	1	1
4	"3"	10	4	4
4	"4"	10	3	2
4	"5"	10	3	2
4	"6"	10	4	3
4	"10"	10	NA	NA
4	"11"	10	NA	NA
4	"12"	10	4	3
4	"13"	10	2	2
4	"14"	10	2	4
4	"15"	10	2	2
4	"16"	10	4	4
4	"17"	10	1	3
4	"18"	10	4	3
4	"19"	10	3	3
4	"20"	10	4	2
4	"21"	10	4	2
4	"22"	10	4	4
4	"23"	10	4	4
4	"24"	10	4	3
4	"25"	10	3	3
4	"26"	10	1	3
4	"27"	10	2	3
4	"28"	10	1	1
4	"29"	10	3	1
4	"30"	10	1	1
4	"31"	10	4	3
4	"32"	10	3	3
4	"33"	10	3	1
4	"34"	10	4	3
4	"35"	10	1	3
4	"36"	10	3	4
4	"37"	10	3	4
4	"38"	10	3	2
4	"39"	10	4	4
4	"40"	10	2	2
4	"41"	10	3	3
4	"42"	10	NA	NA
4	"43"	10	NA	NA
4	"44"	10	4	3
4	"45"	10	2	3
4	"46"	10	1	3
4	"47"	10	3	2
4	"48"	10	3	4
4	"49"	10	3	2
4	"50"	10	1	3
4	"51"	10	1	3
4	"52"	10	3	2
4	"53"	10	1	1
4	"54"	10	3	2
4	"55"	10	3	2
4	"56"	10	4	4
4	"57"	10	3	3
4	"58"	10	4	4
4	"59"	10	3	2
4	"60"	10	2	1
4	"61"	10	3	1
4	"62"	10	3	1
4	"63"	10	4	3
4	"64"	10	4	4
4	"100"	10	NA	NA
9	"1"	3	3	3
9	"2"	3	2	3
9	"3"	3	2	3
9	"4"	3	1	3
9	"5"	3	1	1
9	"6"	3	NA	NA
9	"10"	3	1	1
9	"11"	3	1	2
9	"12"	3	1	2
9	"13"	3	2	2
9	"14"	3	3	4
9	"15"	3	1	2
9	"16"	3	3	3
9	"17"	3	1	2
9	"18"	3	1	2
9	"19"	3	2	2
9	"20"	3	1	1
9	"21"	3	1	2
9	"22"	3	3	3
9	"23"	3	2	2
9	"24"	3	1	1
9	"25"	3	1	1
9	"26"	3	3	2
9	"27"	3	1	1
9	"28"	3	1	1
9	"29"	3	3	3
9	"30"	3	3	3
9	"31"	3	1	1
9	"32"	3	2	3
9	"33"	3	2	2
9	"34"	3	3	2
9	"35"	3	1	1
9	"36"	3	1	1
9	"37"	3	3	3
9	"38"	3	NA	NA
9	"39"	3	NA	NA
9	"40"	3	2	3
9	"41"	3	3	4
9	"42"	3	2	3
9	"43"	3	1	2
9	"44"	3	1	1
9	"45"	3	1	1
9	"46"	3	1	3
9	"47"	3	3	2
9	"48"	3	3	3
9	"49"	3	1	2
9	"50"	3	1	2
9	"51"	3	1	2
9	"52"	3	1	2
9	"53"	3	1	1
9	"54"	3	2	3
9	"55"	3	2	2
9	"56"	3	2	3
9	"57"	3	2	2
9	"58"	3	1	2
9	"59"	3	1	1
9	"60"	3	2	1
9	"61"	3	1	1
9	"62"	3	1	1
9	"63"	3	1	2
9	"64"	3	2	3
9	"100"	3	NA	NA
14	"1"	7	3	2
14	"2"	7	2	2
14	"3"	7	4	3
14	"4"	7	2	2
14	"5"	7	1	1
14	"6"	7	3	2
14	"10"	7	3	4
14	"11"	7	3	1
14	"12"	7	2	2
14	"13"	7	1	1
14	"14"	7	2	4
14	"15"	7	1	1
14	"16"	7	1	1
14	"17"	7	NA	NA
14	"18"	7	NA	NA
14	"19"	7	3	3
14	"20"	7	4	1
14	"21"	7	3	1
14	"22"	7	3	2
14	"23"	7	4	3
14	"24"	7	2	3
14	"25"	7	4	3
14	"26"	7	2	2
14	"27"	7	1	1
14	"28"	7	1	1
14	"29"	7	3	2
14	"30"	7	1	1
14	"31"	7	3	2
14	"32"	7	3	3
14	"33"	7	3	1
14	"34"	7	3	2
14	"35"	7	3	1
14	"36"	7	3	2
14	"37"	7	3	4
14	"38"	7	4	2
14	"39"	7	4	4
14	"40"	7	1	2
14	"41"	7	4	3
14	"42"	7	3	3
14	"43"	7	3	3
14	"44"	7	4	2
14	"45"	7	3	1
14	"46"	7	1	2
14	"47"	7	3	1
14	"48"	7	1	3
14	"49"	7	3	3
14	"50"	7	NA	NA
14	"51"	7	3	3
14	"52"	7	1	1
14	"53"	7	1	1
14	"54"	7	3	3
14	"55"	7	3	1
14	"56"	7	3	4
14	"57"	7	3	3
14	"58"	7	3	3
14	"59"	7	2	4
14	"60"	7	1	1
14	"61"	7	3	2
14	"62"	7	3	2
14	"63"	7	4	3
14	"64"	7	3	4
14	"100"	7	NA	NA
26	"1"	7	3	2
26	"2"	7	2	2
26	"3"	7	3	4
26	"4"	7	2	2
26	"5"	7	3	3
26	"6"	7	2	3
26	"10"	7	3	4
26	"11"	7	3	3
26	"12"	7	NA	NA
26	"13"	7	NA	NA
26	"14"	7	3	4
26	"15"	7	2	3
26	"16"	7	3	3
26	"17"	7	4	3
26	"18"	7	3	4
26	"19"	7	2	2
26	"20"	7	2	2
26	"21"	7	2	2
26	"22"	7	1	3
26	"23"	7	NA	3
26	"24"	7	3	2
26	"25"	7	1	2
26	"26"	7	3	2
26	"27"	7	2	2
26	"28"	7	1	1
26	"29"	7	3	3
26	"30"	7	2	1
26	"31"	7	2	2
26	"32"	7	3	3
26	"33"	7	3	3
26	"34"	7	4	3
26	"35"	7	2	2
26	"36"	7	2	3
26	"37"	7	4	4
26	"38"	7	4	3
26	"39"	7	4	3
26	"40"	7	2	1
26	"41"	7	4	4
26	"42"	7	4	4
26	"43"	7	3	2
26	"44"	7	NA	NA
26	"45"	7	NA	NA
26	"46"	7	2	1
26	"47"	7	2	2
26	"48"	7	3	4
26	"49"	7	3	2
26	"50"	7	1	3
26	"51"	7	3	1
26	"52"	7	1	1
26	"53"	7	2	1
26	"54"	7	3	3
26	"55"	7	1	2
26	"56"	7	4	4
26	"57"	7	4	3
26	"58"	7	3	3
26	"59"	7	2	2
26	"60"	7	1	1
26	"61"	7	2	2
26	"62"	7	3	3
26	"63"	7	4	3
26	"64"	7	3	4
26	"100"	7	NA	NA
